javac -classpath ../java/Aria.jar bug1.java



java -cp ../java/Aria.jar:. bug1 1000 1498 0 13300 13000




x: 11530.104762544544
y: 11526.361844850766


x: 13300
y: 13000
